1000 10 11.632000
1000 100 11.991000
1000 1000 11.478000
1000 200 11.905000
1000 50 15.137000
1000 500 12.383000
1000 700 12.291000
100 10 0.615000
100 100 0.643000
100 1000 0.654000
100 200 0.623000
100 50 0.611000
100 500 0.635000
100 700 0.617000
200 10 1.041000
200 100 0.961000
200 1000 0.961000
200 200 1.079000
200 50 0.989000
200 500 1.001000
200 700 0.955000
300 10 3.665000
300 100 1.567000
300 1000 1.547000
300 200 1.575000
300 50 1.777000
300 500 1.559000
300 700 1.612000
500 10 3.282000
500 100 3.302000
500 1000 3.469000
500 200 3.437000
500 50 3.920000
500 500 3.460000
500 700 3.297000
50 10 0.531000
50 100 0.529000
50 1000 0.531000
50 200 0.532000
50 50 0.531000
50 500 0.529000
50 700 0.530000
700 10 6.471000
700 100 7.753000
700 1000 6.435000
700 200 7.277000
700 50 7.710000
700 500 6.129000
700 700 7.380000
6 13 0.501000
6 10 0.501000
1000 10 11.298000
1000 100 11.379000
1000 1000 11.345000
1000 200 11.835000
1000 50 11.559000
1000 500 11.317000
1000 700 11.346000
100 10 0.609000
100 100 0.609000
100 1000 0.612000
100 200 0.611000
100 50 0.652000
100 500 0.616000
100 700 0.653000
200 10 1.049000
200 100 0.970000
200 1000 0.965000
200 200 1.041000
200 50 1.193000
200 500 0.953000
200 700 0.972000
300 10 1.571000
300 100 1.707000
300 1000 1.635000
300 200 1.582000
300 50 1.513000
300 500 1.554000
300 700 1.541000
500 10 3.483000
500 100 3.303000
500 1000 3.550000
500 200 3.403000
500 50 3.925000
500 500 3.406000
500 700 3.428000
50 10 0.529000
50 100 0.528000
50 1000 0.530000
50 200 0.531000
50 50 0.529000
50 500 0.531000
50 700 0.529000
700 10 6.115000
700 100 6.382000
700 1000 7.146000
700 200 5.957000
700 50 6.503000
700 500 7.714000
700 700 7.461000
6 13 0.501000
6 10 0.501000
334 2773 2.059000
334 2873 2.886000
1000 10 14.358000
1000 100 14.367000
1000 1000 14.518000
1000 10000 14.515000
1000 200 14.362000
1000 2000 14.360000
1000 50 14.358000
1000 500 14.361000
1000 700 14.515000
100 10 0.655000
100 100 0.782000
100 1000 0.782000
100 10000 0.813000
100 200 0.785000
100 2000 0.778000
100 50 0.782000
100 500 0.805000
100 700 0.785000
2000 10 55.901000
2000 100 55.920000
2000 1000 55.933000
2000 10000 56.516000
2000 200 55.906000
2000 2000 55.908000
2000 50 56.528000
2000 500 56.514000
2000 700 55.380000
200 10 1.621000
200 100 1.616000
200 1000 1.617000
200 10000 1.616000
200 200 1.620000
200 2000 1.424000
200 50 1.616000
200 500 1.616000
200 700 1.621000
300 10 2.330000
300 100 2.630000
300 1000 2.968000
300 10000 1.752000
300 200 3.030000
300 2000 1.751000
300 50 1.765000
300 500 2.636000
300 700 3.009000
500 10 4.004000
500 100 3.970000
500 1000 4.011000
500 10000 3.965000
500 200 4.007000
500 2000 3.967000
500 50 3.981000
500 500 3.972000
500 700 3.985000
50 10 0.537000
50 100 0.537000
50 1000 0.537000
50 10000 0.573000
50 200 0.572000
50 2000 0.573000
50 50 0.573000
50 500 0.573000
50 700 0.572000
700 10 7.295000
700 100 7.321000
700 1000 7.325000
700 10000 7.295000
700 200 7.322000
700 2000 7.368000
700 50 7.295000
700 500 7.292000
700 700 7.291000
6 13 0.501000
6 10 0.501000
