1000 10 4768.955000
1000 10 4896.122000
1000 100 4770.855000
1000 1000 4770.748000
1000 200 4769.478000
1000 50 4769.048000
1000 500 4770.331000
1000 700 4769.675000
100 10 8.570000
100 100 9.820000
100 1000 10.724000
100 200 8.902000
100 50 9.951000
100 500 10.733000
100 700 8.807000
200 10 42.296000
200 100 43.437000
200 1000 40.808000
200 200 43.058000
200 50 43.282000
200 500 42.897000
200 700 43.032000
300 10 132.870000
300 100 132.938000
300 1000 131.418000
300 200 132.937000
300 50 132.785000
300 500 131.360000
300 700 132.355000
500 10 602.067000
500 100 601.827000
500 1000 601.837000
500 200 601.872000
500 50 601.719000
500 500 602.106000
500 700 602.068000
50 10 1.896000
50 100 1.903000
50 1000 1.899000
50 200 1.898000
50 50 1.905000
50 500 1.901000
50 700 1.905000
700 10 1643.636000
700 100 1643.698000
700 1000 1643.945000
700 200 1640.690000
700 50 1643.947000
700 500 1643.471000
700 700 1643.280000
6 13 0.511000
6 10 0.510000
