334 2873 435.715400
1000 10 19.641600
1000 100 23.114200
1000 1000 368.559200
1000 10000 12224.443000
1000 200 26.614400
1000 2000 3069.136600
1000 50 20.901600
1000 500 42.544800
1000 700 70.703200
100 10 0.928200
100 100 2.768400
100 1000 15.695800
100 10000 17.538400
100 200 7.390200
100 2000 17.132000
100 50 1.335600
100 500 12.305600
100 700 14.259800
2000 10 79.456000
2000 100 82.400200
2000 1000 172.948400
2000 10000 68552.800600
2000 200 88.698000
2000 2000 1578.185600
2000 50 79.918400
2000 500 111.369200
2000 700 135.794800
200 10 2.094800
200 100 2.616800
200 1000 71.471600
200 10000 131.329400
200 200 7.129400
200 2000 98.814400
200 50 2.621400
200 500 51.104200
200 700 66.358800
300 10 2.247400
300 100 3.531800
300 1000 197.436800
300 10000 418.503800
300 200 6.915400
300 2000 306.147200
300 50 2.744200
300 500 81.908400
300 700 118.284600
500 10 5.262600
500 100 7.081600
500 1000 490.967600
500 10000 1793.066000
500 200 9.121800
500 2000 991.270600
500 50 6.020800
500 500 43.307600
500 700 189.480400
50 10 0.563000
50 100 1.582000
50 1000 3.936600
50 10000 3.857400
50 200 2.184600
50 2000 2.987200
50 50 0.957000
50 500 2.740800
50 700 2.776400
700 10 9.850200
700 100 12.295800
700 1000 557.475000
700 10000 4635.922400
700 200 15.568000
700 2000 1839.567800
700 50 10.663200
700 500 37.950000
700 700 131.690400
6 13 0.508400
6 10 0.505800
