334 2873 435.715400
1000 10 19.641600
1000 100 23.114200
1000 1000 368.559200
1000 10000 12224.443000
1000 200 26.614400
1000 2000 3069.136600
1000 50 20.901600
1000 500 42.544800
1000 700 70.703200
100 10 0.928200
100 100 2.768400
100 1000 15.695800
100 10000 17.538400
100 200 7.390200
100 2000 17.132000
100 50 1.335600
100 500 12.305600
100 700 14.259800
2000 10 79.456000
2000 100 82.400200
2000 1000 172.948400
2000 10000 68552.800600
2000 200 88.698000
2000 2000 1578.185600
2000 50 79.918400
2000 500 111.369200
2000 700 135.794800
200 10 2.094800
200 100 2.616800
200 1000 71.471600
200 10000 131.329400
200 200 7.129400
200 2000 98.814400
200 50 2.621400
200 500 51.104200
200 700 66.358800
300 10 2.247400
300 100 3.531800
300 1000 197.436800
300 10000 418.503800
300 200 6.915400
300 2000 306.147200
300 50 2.744200
300 500 81.908400
300 700 118.284600
500 10 5.262600
500 100 7.081600
500 1000 490.967600
500 10000 1793.066000
500 200 9.121800
500 2000 991.270600
500 50 6.020800
500 500 43.307600
500 700 189.480400
50 10 0.563000
50 100 1.582000
50 1000 3.936600
50 10000 3.857400
50 200 2.184600
50 2000 2.987200
50 50 0.957000
50 500 2.740800
50 700 2.776400
700 10 9.850200
700 100 12.295800
700 1000 557.475000
700 10000 4635.922400
700 200 15.568000
700 2000 1839.567800
700 50 10.663200
700 500 37.950000
700 700 131.690400
6 13 0.508400
6 10 0.505800
334 2873 430.512000
1000 10 19.357400
1000 100 22.419200
1000 1000 310.652200
1000 10000 11872.455000
1000 200 26.689400
1000 2000 3005.475400
1000 50 20.703800
1000 500 41.881000
1000 700 69.462600
100 10 0.857600
100 100 3.030200
100 1000 15.325600
100 10000 18.655800
100 200 7.519600
100 2000 17.588800
100 50 0.990600
100 500 12.400200
100 700 14.452400
2000 10 74.909600
2000 100 80.562800
2000 1000 170.000400
2000 10000 66963.789000
2000 200 87.747000
2000 2000 1559.569000
2000 50 77.408200
2000 500 110.355800
2000 700 132.303800
200 10 1.598400
200 100 2.543200
200 1000 69.838000
200 10000 129.050600
200 200 6.354200
200 2000 97.834800
200 50 2.055400
200 500 51.192000
200 700 65.338000
300 10 2.352200
300 100 3.314800
300 1000 194.080400
300 10000 402.933400
300 200 6.787800
300 2000 297.457400
300 50 2.727800
300 500 77.804200
300 700 114.569800
500 10 5.271400
500 100 7.057400
500 1000 478.361800
500 10000 1761.572400
500 200 9.042000
500 2000 968.043800
500 50 6.013000
500 500 41.827600
500 700 180.566600
50 10 0.595600
50 100 1.606000
50 1000 3.685000
50 10000 3.751800
50 200 2.433600
50 2000 3.710400
50 50 0.889800
50 500 3.286000
50 700 3.387000
700 10 9.707400
700 100 11.966200
700 1000 538.047800
700 10000 4515.145000
700 200 15.154000
700 2000 1827.534800
700 50 10.681600
700 500 37.682000
700 700 131.869400
6 13 0.507800
6 10 0.505800
