1000 10 3951.235000
1000 100 3865.678000
1000 1000 3895.542000
1000 200 3910.094000
1000 50 3904.579000
1000 500 3896.214000
1000 700 3886.939000
100 10 4.519000
100 100 4.525000
100 1000 4.763000
100 200 4.687000
100 50 4.753000
100 500 5.250000
100 700 4.680000
200 10 38.464000
200 100 37.012000
200 1000 35.440000
200 200 35.485000
200 50 32.906000
200 500 37.634000
200 700 35.443000
300 10 107.130000
300 100 105.811000
300 1000 107.594000
300 200 105.697000
300 50 113.526000
300 500 107.018000
300 700 109.984000
500 10 505.418000
500 100 524.215000
500 1000 524.313000
500 200 519.866000
500 50 530.456000
500 500 545.763000
500 700 634.980000
50 10 1.119000
50 100 1.075000
50 1000 1.141000
50 200 1.287000
50 50 1.087000
50 500 1.066000
50 700 1.051000
700 10 1457.440000
700 100 1458.049000
700 1000 1475.964000
700 200 1465.935000
700 50 1487.929000
700 500 1468.263000
700 700 1427.135000
6 13 0.505000
6 10 0.505000
1000 10 4148.008000
1000 100 4087.638000
1000 1000 4334.338000
1000 10000 4390.132000
1000 200 4326.569000
1000 2000 4240.591000
1000 50 4408.190000
1000 500 4232.536000
1000 700 4224.683000
100 10 5.182000
100 100 5.167000
100 1000 5.080000
100 10000 5.073000
100 200 5.030000
100 2000 5.230000
100 50 5.106000
100 500 5.031000
100 700 5.152000
2000 10 33723.896000
2000 100 33537.489000
2000 1000 32897.764000
2000 10000 34231.449000
2000 200 33314.865000
2000 2000 33654.333000
2000 50 34125.577000
2000 500 34126.104000
2000 700 33767.340000
200 10 36.397000
200 100 38.243000
200 1000 36.938000
200 10000 37.062000
200 200 37.328000
200 2000 39.136000
200 50 39.169000
200 500 36.116000
200 700 36.723000
300 10 121.852000
300 100 118.593000
300 1000 118.949000
300 10000 123.444000
300 200 122.787000
300 2000 120.798000
300 50 117.077000
300 500 117.017000
300 700 119.876000
500 10 517.019000
500 100 519.293000
500 1000 531.893000
500 10000 515.120000
500 200 550.991000
500 2000 529.514000
500 50 520.771000
500 500 517.653000
500 700 511.298000
50 10 1.104000
50 100 1.142000
50 1000 1.179000
50 10000 1.273000
50 200 1.213000
50 2000 1.195000
50 50 1.121000
50 500 1.125000
50 700 1.124000
700 10 1403.082000
700 100 1398.407000
700 1000 1481.937000
700 10000 1423.765000
700 200 1417.995000
700 2000 1379.504000
700 50 1431.730000
700 500 1432.568000
700 700 1463.227000
6 13 0.506000
300 1000 122.886000
6 10 0.507000
334 2773 180.750600
334 2873 180.827400
1000 10 4768.138800
1000 100 4768.145400
1000 1000 4767.327200
1000 10000 4766.766400
1000 200 4770.922800
1000 2000 4766.203400
1000 50 4766.487600
1000 500 4767.830600
1000 700 4767.358600
100 10 5.827400
100 100 5.755000
100 1000 5.764800
100 10000 5.835600
100 200 5.755800
100 2000 5.761400
100 50 5.821000
100 500 5.712200
100 700 5.826800
2000 10 38161.651200
2000 100 38153.929600
2000 1000 38152.294600
2000 10000 38158.479600
2000 200 38162.076200
2000 2000 38157.737000
2000 50 38167.115000
2000 500 38154.212400
2000 700 38152.052200
200 10 39.985800
200 100 39.854800
200 1000 39.939600
200 10000 39.950000
200 200 39.886600
200 2000 40.365200
200 50 39.855800
200 500 40.013800
200 700 39.832200
300 10 131.506800
300 100 131.644200
300 1000 131.578200
300 10000 131.551400
300 200 131.773600
300 2000 131.628000
300 50 131.546600
300 500 131.368200
300 700 131.375000
500 10 601.872400
500 100 601.825000
500 1000 601.705200
500 10000 601.746200
500 200 601.129200
500 2000 602.093000
500 50 601.650200
500 500 601.634200
500 700 601.698000
50 10 1.737400
50 100 1.383200
50 1000 1.805200
50 10000 1.705400
50 200 1.384000
50 2000 1.876400
50 50 1.368600
50 500 1.803200
50 700 1.889600
700 10 1642.903000
700 100 1642.631400
700 1000 1643.247000
700 10000 1642.768400
700 200 1643.218800
700 2000 1643.379600
700 50 1642.553000
700 500 1643.108200
700 700 1642.884000
6 13 0.503600
6 10 0.505600
