334 2773 146.481000
6 13 0.505000
334 2873 147.147000
334 2873 152.040000
334 2873 157.342000
334 2873 153.545000
334 2873 153.295000
334 2873 173.312000
334 2873 174.857000
334 2873 185.138000
334 2873 152.764000
334 2873 178.585000
334 2873 174.098000
334 2873 147.503000
334 2873 174.826000
334 2873 149.706000
334 2873 150.240000
334 2873 175.809000
334 2873 170.231000
334 2873 151.208000
334 2873 161.385000
334 2873 157.252000
334 2873 152.527000
334 2873 150.364000
334 2873 156.978000
334 2873 154.738000
334 2873 160.338000
334 2873 157.274000
