1000 10 4768.955000
1000 10 4896.122000
1000 100 4770.855000
1000 1000 4770.748000
1000 200 4769.478000
1000 50 4769.048000
1000 500 4770.331000
1000 700 4769.675000
100 10 8.570000
100 100 9.820000
100 1000 10.724000
100 200 8.902000
100 50 9.951000
100 500 10.733000
100 700 8.807000
200 10 42.296000
200 100 43.437000
200 1000 40.808000
200 200 43.058000
200 50 43.282000
200 500 42.897000
200 700 43.032000
300 10 132.870000
300 100 132.938000
300 1000 131.418000
300 200 132.937000
300 50 132.785000
300 500 131.360000
300 700 132.355000
500 10 602.067000
500 100 601.827000
500 1000 601.837000
500 200 601.872000
500 50 601.719000
500 500 602.106000
500 700 602.068000
50 10 1.896000
50 100 1.903000
50 1000 1.899000
50 200 1.898000
50 50 1.905000
50 500 1.901000
50 700 1.905000
700 10 1643.636000
700 100 1643.698000
700 1000 1643.945000
700 200 1640.690000
700 50 1643.947000
700 500 1643.471000
700 700 1643.280000
6 13 0.511000
6 10 0.510000
1000 10 3933.601000
1000 100 3924.056000
1000 1000 3891.701000
1000 200 3874.276000
1000 50 3898.441000
1000 500 3894.636000
1000 700 3912.888000
100 10 4.589000
100 100 4.694000
100 1000 4.838000
100 200 4.764000
100 50 4.850000
100 500 4.833000
100 700 4.728000
200 10 39.174000
200 100 34.953000
200 1000 34.877000
200 200 33.999000
200 50 38.009000
200 500 35.950000
200 700 33.985000
300 10 114.731000
300 100 113.984000
300 1000 117.485000
300 200 115.832000
300 50 137.070000
300 500 113.215000
300 700 115.906000
500 10 494.233000
500 100 497.100000
500 1000 541.921000
500 200 547.520000
500 50 571.353000
500 500 537.979000
500 700 540.837000
50 10 1.185000
50 100 1.154000
50 1000 1.103000
50 200 1.063000
50 50 1.114000
50 500 1.065000
50 700 1.060000
700 10 1458.345000
700 100 1477.494000
700 1000 1478.704000
700 200 1473.686000
700 50 1513.079000
700 500 1511.576000
700 700 1474.635000
6 13 0.503000
6 10 0.503000
1000 10 4070.042000
1000 100 4116.198000
1000 1000 4157.858000
1000 10000 4302.128000
1000 200 4423.814000
1000 2000 4319.589000
1000 50 4299.963000
1000 500 4204.537000
1000 700 4135.128000
100 10 4.655000
100 100 4.872000
100 1000 4.783000
100 10000 4.940000
100 200 4.718000
100 2000 4.644000
100 50 4.779000
100 500 4.881000
100 700 4.959000
2000 10 33608.077000
2000 100 33878.201000
2000 1000 32522.369000
2000 10000 33755.590000
2000 200 33668.363000
2000 2000 32906.846000
2000 50 34083.740000
2000 500 33812.218000
2000 700 33790.327000
200 10 35.591000
200 100 38.713000
200 1000 35.248000
200 10000 33.312000
200 200 36.284000
200 2000 35.033000
200 50 37.623000
200 500 36.639000
200 700 37.977000
300 10 118.044000
300 100 117.667000
300 1000 115.105000
300 10000 121.266000
300 200 119.784000
300 2000 117.926000
300 50 121.566000
300 500 119.202000
300 700 111.370000
500 10 532.562000
500 100 504.674000
500 1000 511.195000
500 10000 520.828000
500 200 575.230000
500 2000 509.198000
500 50 518.832000
500 500 517.034000
500 700 508.454000
50 10 1.029000
50 100 1.088000
50 1000 1.032000
50 10000 1.053000
50 200 1.046000
50 2000 1.139000
50 50 1.062000
50 500 1.102000
50 700 1.047000
700 10 1487.576000
700 100 1384.206000
700 1000 1486.206000
700 10000 1418.900000
700 200 1419.744000
700 2000 1398.427000
700 50 1390.013000
700 500 1392.428000
700 700 1404.372000
6 13 0.503000
300 1000 118.276000
6 10 0.504000
334 2773 180.662000
334 2873 180.785200
1000 10 4768.458000
1000 100 4769.151800
1000 1000 4769.102600
1000 10000 4769.074600
1000 200 4767.331000
1000 2000 4767.029600
1000 50 4768.110800
1000 500 4769.575000
1000 700 4767.575200
100 10 6.756800
100 100 6.782200
100 1000 6.805800
100 10000 6.862400
100 200 7.323000
100 2000 6.636200
100 50 6.771200
100 500 6.827800
100 700 7.184400
2000 10 38160.066400
2000 100 38163.356400
2000 1000 38166.822600
2000 10000 38177.383200
2000 200 38159.929000
2000 2000 38157.049000
2000 50 38166.968200
2000 500 38159.595800
2000 700 38162.038000
200 10 40.545600
200 100 40.783200
200 1000 40.813800
200 10000 40.429000
200 200 40.530000
200 2000 40.411400
200 50 41.012000
200 500 40.593600
200 700 40.708800
300 10 131.483800
300 100 131.360800
300 1000 133.090400
300 10000 131.630000
300 200 131.916000
300 2000 131.581400
300 50 131.435600
300 500 133.087400
300 700 131.495600
500 10 601.983800
500 100 601.845800
500 1000 601.941600
500 10000 602.025400
500 200 601.917000
500 2000 601.945800
500 50 601.843000
500 500 601.640600
500 700 601.583200
50 10 1.501800
50 100 1.884400
50 1000 1.485400
50 10000 1.898000
50 200 1.556000
50 2000 1.769400
50 50 1.552200
50 500 1.683200
50 700 1.731400
700 10 1643.766200
700 100 1643.194800
700 1000 1643.161800
700 10000 1643.667000
700 200 1642.913400
700 2000 1643.412000
700 50 1643.079400
700 500 1642.784800
700 700 1643.075000
6 13 0.504400
6 10 0.507000
334 2773 180.794400
334 2873 180.831800
1000 10 4767.943000
1000 100 4769.412200
1000 1000 4770.604800
1000 10000 4767.233400
1000 200 4768.012800
1000 2000 4821.806600
1000 50 4768.137400
1000 500 4768.704400
1000 700 4764.710200
100 10 6.688400
100 100 6.782800
100 1000 6.598600
100 10000 7.066400
100 200 6.867600
100 2000 6.801000
100 50 7.267200
100 500 6.062600
100 700 6.657600
2000 10 38166.938600
2000 100 38163.498800
2000 1000 38159.519000
2000 10000 38166.523600
2000 200 38178.666600
2000 2000 38069.608200
2000 50 38166.082000
2000 500 38165.330600
2000 700 38167.073400
200 10 40.494800
200 100 40.174000
200 1000 40.709200
200 10000 40.564400
200 200 40.109600
200 2000 40.818200
200 50 40.207600
200 500 40.742000
200 700 40.243800
300 10 131.516000
300 100 131.648800
300 1000 131.518400
300 10000 131.624800
300 200 131.515000
300 2000 131.285600
300 50 131.501400
300 500 131.328200
300 700 131.420000
500 10 601.631200
500 100 601.763800
500 1000 602.123800
500 10000 601.796600
500 200 601.705800
500 2000 601.876800
500 50 601.669600
500 500 601.989200
500 700 601.681600
50 10 1.654000
50 100 1.883200
50 1000 1.526200
50 10000 1.888200
50 200 1.884400
50 2000 1.559400
50 50 1.884600
50 500 1.505800
50 700 1.767600
700 10 1643.250000
700 100 1642.575400
700 1000 1661.741400
700 10000 1642.921800
700 200 1643.645400
700 2000 1643.205600
700 50 1642.664200
700 500 1643.095000
700 700 1643.035000
6 13 0.504200
6 10 0.507000
