334 2773 578.868400
334 2873 566.072000
1000 10 15246.626800
1000 100 15312.456000
1000 1000 15335.376600
1000 10000 14929.293800
1000 200 14862.127200
1000 2000 15419.342800
1000 50 14989.651600
1000 500 15051.760000
1000 700 15086.292000
100 10 14.917600
100 100 16.264200
100 1000 14.377600
100 10000 15.001800
100 200 14.959600
100 2000 16.130000
100 50 15.464200
100 500 15.303400
100 700 14.420200
2000 10 117629.250000
2000 100 118114.976800
2000 1000 119073.672000
2000 10000 121419.488200
2000 200 120095.940400
2000 2000 121192.262400
2000 50 121521.217800
2000 500 120824.915800
2000 700 122731.800200
200 10 124.169600
200 100 123.799400
200 1000 123.202400
200 10000 121.156000
200 200 123.168400
200 2000 122.402600
200 50 121.660600
200 500 126.601000
200 700 123.444000
300 10 416.430200
300 100 410.102400
300 1000 420.478800
300 10000 424.530800
300 200 415.533000
300 2000 415.198600
300 50 426.378800
300 500 419.771000
300 700 422.439000
500 10 1903.689800
500 100 1967.424200
500 1000 1944.419600
500 10000 1900.153800
500 200 1901.547600
500 2000 1937.987000
500 50 1886.427800
500 500 1904.179000
500 700 1933.933800
50 10 2.450200
50 100 2.488200
50 1000 2.379200
50 10000 2.437800
50 200 2.561600
50 2000 2.463600
50 50 2.469000
50 500 2.479600
50 700 2.493600
700 10 5253.140800
700 100 5361.174400
700 1000 5420.279600
700 10000 5206.975000
700 200 5131.709600
700 2000 5259.025000
700 50 5110.775800
700 500 5086.991000
700 700 5137.553800
6 13 0.504000
6 10 0.503800
6 13 0.503600
6 10 0.506000
6 13 0.504000
6 10 0.504000
