cantidad de vecinos mas cercanos8
presicion
0.985,0.937,0.976,0.962,0.969,0.949,0.972,0.958,0.992,0.966,
Recall
0.503,0.515,0.491,0.501,0.499,0.503,0.504,0.502,0.484,0.495,
F1 Score
0.503,0.515,0.491,0.501,0.499,0.503,0.504,0.502,0.484,0.495,
cantidad de vecinos mas cercanos8
presicion
0.982,0.946,0.984,0.965,0.967,0.961,0.962,0.957,0.988,0.954,
Recall
0.503,0.512,0.492,0.502,0.501,0.5,0.506,0.501,0.482,0.497,
F1 Score
0.503,0.512,0.492,0.502,0.501,0.5,0.506,0.501,0.482,0.497,
cantidad de vecinos mas cercanos8
presicion
0.963,0.939,0.989,0.944,0.969,0.962,0.972,0.947,0.983,0.946,
Recall
0.507,0.514,0.483,0.505,0.5,0.496,0.502,0.503,0.486,0.501,
F1 Score
0.507,0.514,0.483,0.505,0.5,0.496,0.502,0.503,0.486,0.501,
cantidad de vecinos mas cercanos8
presicion
0.984,0.955,0.981,0.947,0.982,0.966,0.974,0.952,0.987,0.959,
Recall
0.502,0.51,0.494,0.509,0.496,0.497,0.503,0.507,0.481,0.498,
F1 Score
0.502,0.51,0.494,0.509,0.496,0.497,0.503,0.507,0.481,0.498,
cantidad de vecinos mas cercanos8
presicion
0.973,0.951,0.995,0.951,0.981,0.949,0.972,0.962,0.997,0.945,
Recall
0.506,0.512,0.491,0.504,0.493,0.496,0.505,0.505,0.481,0.502,
F1 Score
0.506,0.512,0.491,0.504,0.493,0.496,0.505,0.505,0.481,0.502,
cantidad de vecinos mas cercanos8
presicion
0.973,0.954,0.989,0.963,0.985,0.972,0.963,0.959,0.985,0.945,
Recall
0.504,0.51,0.49,0.505,0.492,0.493,0.504,0.505,0.487,0.505,
F1 Score
0.504,0.51,0.49,0.505,0.492,0.493,0.504,0.505,0.487,0.505,
cantidad de vecinos mas cercanos8
presicion
0.979,0.934,0.973,0.964,0.979,0.971,0.984,0.967,0.989,0.939,
Recall
0.505,0.515,0.492,0.496,0.495,0.503,0.501,0.502,0.479,0.507,
F1 Score
0.505,0.515,0.492,0.496,0.495,0.503,0.501,0.502,0.479,0.507,
cantidad de vecinos mas cercanos8
presicion
0.975,0.931,0.972,0.978,0.975,0.941,0.978,0.985,0.983,0.95,
Recall
0.505,0.517,0.497,0.493,0.5,0.508,0.503,0.494,0.482,0.502,
F1 Score
0.505,0.517,0.497,0.493,0.5,0.508,0.503,0.494,0.482,0.502,
cantidad de vecinos mas cercanos8
presicion
0.983,0.938,0.974,0.961,0.98,0.955,0.967,0.955,0.986,0.945,
Recall
0.502,0.513,0.496,0.497,0.497,0.505,0.505,0.502,0.479,0.5,
F1 Score
0.502,0.513,0.496,0.497,0.497,0.505,0.505,0.502,0.479,0.5,
cantidad de vecinos mas cercanos8
presicion
0.973,0.95,0.977,0.966,0.988,0.976,0.967,0.949,0.992,0.959,
Recall
0.506,0.511,0.491,0.501,0.492,0.495,0.506,0.508,0.485,0.502,
F1 Score
0.506,0.511,0.491,0.501,0.492,0.495,0.506,0.508,0.485,0.502,
cantidad de vecinos mas cercanos8
presicion
0.969,0.936,0.981,0.97,0.972,0.964,0.969,0.947,0.989,0.95,
Recall
0.507,0.516,0.49,0.5,0.499,0.499,0.506,0.506,0.473,0.499,
F1 Score
0.507,0.516,0.49,0.5,0.499,0.499,0.506,0.506,0.473,0.499,
cantidad de vecinos mas cercanos8
presicion
0.975,0.932,0.973,0.954,0.98,0.964,0.976,0.955,0.988,0.95,
Recall
0.504,0.516,0.494,0.506,0.495,0.498,0.504,0.502,0.484,0.494,
F1 Score
0.504,0.516,0.494,0.506,0.495,0.498,0.504,0.502,0.484,0.494,
cantidad de vecinos mas cercanos8
presicion
0.971,0.949,0.976,0.938,0.958,0.972,0.969,0.95,0.987,0.937,
Recall
0.505,0.512,0.494,0.505,0.502,0.493,0.505,0.504,0.478,0.497,
F1 Score
0.505,0.512,0.494,0.505,0.502,0.493,0.505,0.504,0.478,0.497,
cantidad de vecinos mas cercanos8
presicion
0.984,0.947,0.982,0.953,0.964,0.947,0.983,0.971,0.981,0.962,
Recall
0.504,0.513,0.493,0.503,0.503,0.501,0.5,0.498,0.485,0.496,
F1 Score
0.504,0.513,0.493,0.503,0.503,0.501,0.5,0.498,0.485,0.496,
cantidad de vecinos mas cercanos8
presicion
0.978,0.949,0.981,0.942,0.979,0.972,0.954,0.94,0.992,0.945,
Recall
0.504,0.511,0.486,0.509,0.494,0.49,0.51,0.508,0.479,0.504,
F1 Score
0.504,0.511,0.486,0.509,0.494,0.49,0.51,0.508,0.479,0.504,
cantidad de vecinos mas cercanos8
presicion
0.979,0.942,0.979,0.958,0.976,0.98,0.98,0.95,0.992,0.966,
Recall
0.504,0.513,0.495,0.499,0.497,0.497,0.503,0.51,0.483,0.495,
F1 Score
0.504,0.513,0.495,0.499,0.497,0.497,0.503,0.51,0.483,0.495,
cantidad de vecinos mas cercanos8
presicion
0.972,0.936,0.986,0.959,0.985,0.966,0.973,0.968,0.993,0.937,
Recall
0.506,0.514,0.494,0.503,0.494,0.491,0.504,0.502,0.483,0.504,
F1 Score
0.506,0.514,0.494,0.503,0.494,0.491,0.504,0.502,0.483,0.504,
cantidad de vecinos mas cercanos8
presicion
0.968,0.956,0.976,0.934,0.976,0.956,0.985,0.954,0.997,0.938,
Recall
0.507,0.51,0.493,0.506,0.501,0.5,0.497,0.501,0.476,0.504,
F1 Score
0.507,0.51,0.493,0.506,0.501,0.5,0.497,0.501,0.476,0.504,
cantidad de vecinos mas cercanos8
presicion
0.978,0.945,0.974,0.956,0.98,0.96,0.963,0.957,0.992,0.95,
Recall
0.503,0.513,0.497,0.503,0.498,0.495,0.504,0.502,0.478,0.503,
F1 Score
0.503,0.513,0.497,0.503,0.498,0.495,0.504,0.502,0.478,0.503,
cantidad de vecinos mas cercanos8
presicion
0.975,0.94,0.988,0.953,0.982,0.977,0.969,0.965,0.981,0.938,
Recall
0.506,0.514,0.494,0.502,0.496,0.496,0.503,0.499,0.481,0.506,
F1 Score
0.506,0.514,0.494,0.502,0.496,0.496,0.503,0.499,0.481,0.506,
cantidad de vecinos mas cercanos8
presicion
0.977,0.944,0.974,0.968,0.974,0.957,0.983,0.929,0.983,0.956,
Recall
0.505,0.513,0.489,0.495,0.499,0.504,0.501,0.512,0.484,0.498,
F1 Score
0.505,0.513,0.489,0.495,0.499,0.504,0.501,0.512,0.484,0.498,
cantidad de vecinos mas cercanos8
presicion
0.98,0.963,0.988,0.962,0.98,0.976,0.986,0.947,0.992,0.947,
Recall
0.504,0.508,0.493,0.502,0.498,0.496,0.501,0.508,0.481,0.505,
F1 Score
0.504,0.508,0.493,0.502,0.498,0.496,0.501,0.508,0.481,0.505,
cantidad de vecinos mas cercanos8
presicion
0.971,0.937,0.988,0.973,0.982,0.965,0.973,0.94,0.989,0.962,
Recall
0.506,0.514,0.486,0.497,0.495,0.497,0.506,0.511,0.485,0.499,
F1 Score
0.506,0.514,0.486,0.497,0.495,0.497,0.506,0.511,0.485,0.499,
cantidad de vecinos mas cercanos8
presicion
0.968,0.919,0.981,0.945,0.978,0.947,0.977,0.958,0.972,0.966,
Recall
0.506,0.519,0.489,0.504,0.498,0.501,0.502,0.504,0.477,0.495,
F1 Score
0.506,0.519,0.489,0.504,0.498,0.501,0.502,0.504,0.477,0.495,
cantidad de vecinos mas cercanos8
presicion
0.974,0.951,0.993,0.967,0.979,0.954,0.986,0.953,0.989,0.948,
Recall
0.507,0.512,0.493,0.5,0.495,0.5,0.502,0.507,0.479,0.501,
F1 Score
0.507,0.512,0.493,0.5,0.495,0.5,0.502,0.507,0.479,0.501,
cantidad de vecinos mas cercanos9
presicion
0.971,0.936,0.992,0.953,0.973,0.959,0.982,0.964,0.995,0.947,
Recall
0.506,0.516,0.488,0.504,0.496,0.497,0.502,0.505,0.481,0.502,
F1 Score
0.506,0.516,0.488,0.504,0.496,0.497,0.502,0.505,0.481,0.502,
cantidad de vecinos mas cercanos9
presicion
0.98,0.948,0.987,0.96,0.99,0.949,0.984,0.944,0.989,0.948,
Recall
0.504,0.511,0.492,0.499,0.49,0.5,0.501,0.511,0.479,0.505,
F1 Score
0.504,0.511,0.492,0.499,0.49,0.5,0.501,0.511,0.479,0.505,
cantidad de vecinos mas cercanos9
