cantidad de vecinos mas cercanos3
presicion
0.948,0.96,0.943,0.934,0.912,0.95,0.957,0.953,0.929,0.857,
Recall
0.509,0.506,0.503,0.489,0.502,0.496,0.508,0.487,0.495,0.505,
F1 Score
0.509,0.506,0.503,0.489,0.502,0.496,0.508,0.487,0.495,0.505,
cantidad de vecinos mas cercanos3
presicion
0.965,0.973,0.929,0.947,0.926,0.942,0.96,0.973,0.932,0.882,
Recall
0.503,0.504,0.512,0.49,0.487,0.496,0.504,0.493,0.504,0.506,
F1 Score
0.503,0.504,0.512,0.49,0.487,0.496,0.504,0.493,0.504,0.506,
cantidad de vecinos mas cercanos3
presicion
0.951,0.983,0.955,0.93,0.929,0.929,0.959,0.953,0.926,0.883,
Recall
0.507,0.501,0.499,0.487,0.501,0.502,0.505,0.504,0.491,0.502,
F1 Score
0.507,0.501,0.499,0.487,0.501,0.502,0.505,0.504,0.491,0.502,
cantidad de vecinos mas cercanos3
presicion
0.955,0.972,0.945,0.931,0.937,0.941,0.953,0.965,0.916,0.87,
Recall
0.508,0.503,0.503,0.482,0.496,0.499,0.506,0.492,0.499,0.512,
F1 Score
0.508,0.503,0.503,0.482,0.496,0.499,0.506,0.492,0.499,0.512,
cantidad de vecinos mas cercanos3
presicion
0.955,0.982,0.939,0.941,0.946,0.914,0.962,0.98,0.921,0.876,
Recall
0.508,0.501,0.509,0.491,0.497,0.504,0.504,0.486,0.491,0.508,
F1 Score
0.508,0.501,0.509,0.491,0.497,0.504,0.504,0.486,0.491,0.508,
cantidad de vecinos mas cercanos3
presicion
0.939,0.973,0.946,0.944,0.939,0.937,0.955,0.977,0.906,0.902,
Recall
0.509,0.505,0.506,0.483,0.499,0.499,0.501,0.492,0.499,0.505,
F1 Score
0.509,0.505,0.506,0.483,0.499,0.499,0.501,0.492,0.499,0.505,
cantidad de vecinos mas cercanos3
presicion
0.956,0.974,0.955,0.961,0.933,0.914,0.963,0.969,0.936,0.88,
Recall
0.505,0.501,0.501,0.489,0.499,0.511,0.505,0.495,0.494,0.502,
F1 Score
0.505,0.501,0.501,0.489,0.499,0.511,0.505,0.495,0.494,0.502,
cantidad de vecinos mas cercanos3
presicion
0.967,0.992,0.929,0.925,0.916,0.943,0.97,0.975,0.933,0.893,
Recall
0.505,0.5,0.505,0.499,0.503,0.501,0.504,0.489,0.499,0.496,
F1 Score
0.505,0.5,0.505,0.499,0.503,0.501,0.504,0.489,0.499,0.496,
cantidad de vecinos mas cercanos3
presicion
0.96,0.98,0.944,0.913,0.899,0.937,0.95,0.949,0.918,0.885,
Recall
0.505,0.502,0.504,0.488,0.503,0.494,0.509,0.497,0.491,0.506,
F1 Score
0.505,0.502,0.504,0.488,0.503,0.494,0.509,0.497,0.491,0.506,
cantidad de vecinos mas cercanos3
presicion
0.947,0.976,0.942,0.937,0.912,0.943,0.96,0.957,0.904,0.893,
Recall
0.51,0.5,0.506,0.487,0.504,0.489,0.505,0.498,0.505,0.495,
F1 Score
0.51,0.5,0.506,0.487,0.504,0.489,0.505,0.498,0.505,0.495,
cantidad de vecinos mas cercanos5
presicion
0.959,0.96,0.942,0.929,0.917,0.933,0.946,0.949,0.925,0.865,
Recall
0.507,0.506,0.498,0.489,0.5,0.501,0.511,0.49,0.498,0.501,
F1 Score
0.507,0.506,0.498,0.489,0.5,0.501,0.511,0.49,0.498,0.501,
cantidad de vecinos mas cercanos5
presicion
0.967,0.973,0.922,0.946,0.934,0.935,0.963,0.968,0.921,0.877,
Recall
0.501,0.504,0.513,0.486,0.488,0.5,0.503,0.493,0.507,0.506,
F1 Score
0.501,0.504,0.513,0.486,0.488,0.5,0.503,0.493,0.507,0.506,
cantidad de vecinos mas cercanos5
presicion
0.959,0.979,0.967,0.938,0.951,0.915,0.957,0.944,0.921,0.877,
Recall
0.506,0.502,0.496,0.488,0.493,0.506,0.506,0.505,0.489,0.509,
F1 Score
0.506,0.502,0.496,0.488,0.493,0.506,0.506,0.505,0.489,0.509,
cantidad de vecinos mas cercanos5
presicion
0.946,0.974,0.947,0.944,0.934,0.927,0.955,0.966,0.921,0.883,
Recall
0.51,0.502,0.502,0.481,0.496,0.506,0.504,0.495,0.498,0.507,
F1 Score
0.51,0.502,0.502,0.481,0.496,0.506,0.504,0.495,0.498,0.507,
cantidad de vecinos mas cercanos5
presicion
0.946,0.987,0.939,0.945,0.948,0.911,0.957,0.973,0.912,0.87,
Recall
0.509,0.499,0.507,0.488,0.497,0.504,0.505,0.487,0.495,0.511,
F1 Score
0.509,0.499,0.507,0.488,0.497,0.504,0.505,0.487,0.495,0.511,
cantidad de vecinos mas cercanos5
presicion
0.951,0.977,0.961,0.95,0.944,0.92,0.948,0.967,0.91,0.894,
Recall
0.506,0.504,0.503,0.479,0.5,0.505,0.504,0.495,0.497,0.506,
F1 Score
0.506,0.504,0.503,0.479,0.5,0.505,0.504,0.495,0.497,0.506,
cantidad de vecinos mas cercanos5
presicion
0.968,0.974,0.964,0.954,0.946,0.909,0.955,0.974,0.925,0.865,
Recall
0.502,0.501,0.499,0.494,0.493,0.511,0.508,0.494,0.495,0.506,
F1 Score
0.502,0.501,0.499,0.494,0.493,0.511,0.508,0.494,0.495,0.506,
cantidad de vecinos mas cercanos5
presicion
0.97,0.989,0.938,0.934,0.93,0.945,0.963,0.968,0.926,0.887,
Recall
0.505,0.499,0.503,0.496,0.498,0.502,0.507,0.493,0.499,0.499,
F1 Score
0.505,0.499,0.503,0.496,0.498,0.502,0.507,0.493,0.499,0.499,
cantidad de vecinos mas cercanos5
presicion
0.962,0.981,0.953,0.924,0.914,0.93,0.947,0.949,0.913,0.896,
Recall
0.506,0.501,0.499,0.485,0.5,0.497,0.509,0.498,0.5,0.504,
F1 Score
0.506,0.501,0.499,0.485,0.5,0.497,0.509,0.498,0.5,0.504,
cantidad de vecinos mas cercanos5
presicion
0.96,0.974,0.948,0.95,0.902,0.929,0.96,0.963,0.906,0.885,
Recall
0.507,0.501,0.503,0.48,0.503,0.499,0.505,0.495,0.51,0.497,
F1 Score
0.507,0.501,0.503,0.48,0.503,0.499,0.505,0.495,0.51,0.497,
cantidad de vecinos mas cercanos10
presicion
0.955,0.954,0.942,0.94,0.903,0.929,0.944,0.954,0.927,0.859,
Recall
0.508,0.507,0.497,0.486,0.503,0.502,0.511,0.489,0.494,0.502,
F1 Score
0.508,0.507,0.497,0.486,0.503,0.502,0.511,0.489,0.494,0.502,
cantidad de vecinos mas cercanos10
presicion
0.979,0.977,0.935,0.943,0.923,0.921,0.956,0.966,0.907,0.867,
Recall
0.499,0.501,0.509,0.483,0.493,0.507,0.505,0.492,0.507,0.505,
F1 Score
0.499,0.501,0.509,0.483,0.493,0.507,0.505,0.492,0.507,0.505,
cantidad de vecinos mas cercanos10
presicion
0.947,0.977,0.966,0.926,0.924,0.912,0.939,0.948,0.918,0.879,
Recall
0.509,0.502,0.495,0.489,0.499,0.504,0.509,0.505,0.489,0.498,
F1 Score
0.509,0.502,0.495,0.489,0.499,0.504,0.509,0.505,0.489,0.498,
cantidad de vecinos mas cercanos10
presicion
0.945,0.976,0.95,0.95,0.923,0.929,0.937,0.964,0.89,0.876,
Recall
0.507,0.502,0.501,0.474,0.497,0.502,0.507,0.495,0.51,0.506,
F1 Score
0.507,0.502,0.501,0.474,0.497,0.502,0.507,0.495,0.51,0.506,
cantidad de vecinos mas cercanos10
presicion
0.935,0.98,0.952,0.952,0.931,0.908,0.954,0.975,0.907,0.88,
Recall
0.511,0.502,0.503,0.485,0.502,0.502,0.505,0.488,0.495,0.506,
F1 Score
0.511,0.502,0.503,0.485,0.502,0.502,0.505,0.488,0.495,0.506,
cantidad de vecinos mas cercanos10
presicion
0.944,0.977,0.968,0.935,0.945,0.922,0.946,0.963,0.889,0.91,
Recall
0.507,0.503,0.499,0.48,0.502,0.505,0.505,0.497,0.501,0.502,
F1 Score
0.507,0.503,0.499,0.48,0.502,0.505,0.505,0.497,0.501,0.502,
cantidad de vecinos mas cercanos10
presicion
0.968,0.968,0.96,0.954,0.965,0.905,0.938,0.978,0.916,0.868,
Recall
0.501,0.502,0.501,0.491,0.491,0.509,0.511,0.491,0.497,0.507,
F1 Score
0.501,0.502,0.501,0.491,0.491,0.509,0.511,0.491,0.497,0.507,
cantidad de vecinos mas cercanos10
presicion
0.974,0.987,0.945,0.946,0.922,0.939,0.962,0.964,0.94,0.89,
Recall
0.505,0.5,0.5,0.493,0.501,0.507,0.506,0.492,0.499,0.499,
F1 Score
0.505,0.5,0.5,0.493,0.501,0.507,0.506,0.492,0.499,0.499,
cantidad de vecinos mas cercanos10
presicion
0.962,0.978,0.934,0.93,0.896,0.91,0.936,0.951,0.905,0.888,
Recall
0.505,0.501,0.502,0.481,0.503,0.501,0.51,0.497,0.502,0.497,
F1 Score
0.505,0.501,0.502,0.481,0.503,0.501,0.51,0.497,0.502,0.497,
cantidad de vecinos mas cercanos10
presicion
0.951,0.974,0.952,0.956,0.89,0.931,0.945,0.956,0.908,0.894,
Recall
0.508,0.501,0.499,0.482,0.51,0.497,0.507,0.495,0.51,0.491,
F1 Score
0.508,0.501,0.499,0.482,0.51,0.497,0.507,0.495,0.51,0.491,
cantidad de vecinos mas cercanos20


presicion
0.952,0.946,0.948,0.937,0.912,0.926,0.944,0.96,0.912,0.837,
Recall
0.509,0.509,0.492,0.484,0.494,0.501,0.511,0.489,0.497,0.514,
F1 Score
0.509,0.509,0.492,0.484,0.494,0.501,0.511,0.489,0.497,0.514,
cantidad de vecinos mas cercanos3
presicion
0.943,0.954,0.938,0.937,0.903,0.943,0.957,0.949,0.922,0.854,
Recall
0.51,0.508,0.502,0.486,0.503,0.498,0.507,0.488,0.495,0.504,
F1 Score
0.51,0.508,0.502,0.486,0.503,0.498,0.507,0.488,0.495,0.504,
cantidad de vecinos mas cercanos3
presicion
0.962,0.969,0.93,0.934,0.918,0.921,0.953,0.97,0.92,0.863,
Recall
0.503,0.505,0.509,0.487,0.485,0.5,0.504,0.493,0.504,0.509,
F1 Score
0.503,0.505,0.509,0.487,0.485,0.5,0.504,0.493,0.504,0.509,
cantidad de vecinos mas cercanos3
presicion
0.944,0.983,0.953,0.925,0.927,0.926,0.957,0.95,0.914,0.872,
Recall
0.509,0.501,0.498,0.485,0.5,0.501,0.505,0.503,0.493,0.503,
F1 Score
0.509,0.501,0.498,0.485,0.5,0.501,0.505,0.503,0.493,0.503,
cantidad de vecinos mas cercanos3
presicion
0.953,0.972,0.938,0.928,0.925,0.933,0.953,0.965,0.911,0.867,
Recall
0.508,0.503,0.505,0.48,0.497,0.499,0.506,0.492,0.499,0.512,
F1 Score
0.508,0.503,0.505,0.48,0.497,0.499,0.506,0.492,0.499,0.512,
cantidad de vecinos mas cercanos3
presicion
0.953,0.982,0.944,0.936,0.943,0.913,0.957,0.978,0.911,0.876,
Recall
0.509,0.502,0.508,0.491,0.495,0.502,0.505,0.486,0.493,0.508,
F1 Score
0.509,0.502,0.508,0.491,0.495,0.502,0.505,0.486,0.493,0.508,
cantidad de vecinos mas cercanos3
presicion
0.933,0.973,0.95,0.934,0.937,0.937,0.957,0.977,0.901,0.898,
Recall
0.511,0.505,0.505,0.483,0.499,0.499,0.5,0.492,0.499,0.505,
F1 Score
0.511,0.505,0.505,0.483,0.499,0.499,0.5,0.492,0.499,0.505,
cantidad de vecinos mas cercanos3
presicion
0.956,0.974,0.948,0.951,0.926,0.906,0.963,0.972,0.929,0.868,
Recall
0.505,0.501,0.503,0.489,0.499,0.511,0.505,0.494,0.493,0.503,
F1 Score
0.505,0.501,0.503,0.489,0.499,0.511,0.505,0.494,0.493,0.503,
cantidad de vecinos mas cercanos3
presicion
0.967,0.994,0.929,0.916,0.913,0.94,0.97,0.975,0.924,0.878,
Recall
0.505,0.499,0.506,0.501,0.503,0.501,0.504,0.488,0.499,0.498,
F1 Score
0.505,0.499,0.506,0.501,0.503,0.501,0.504,0.488,0.499,0.498,
cantidad de vecinos mas cercanos3
presicion
0.958,0.978,0.93,0.904,0.89,0.926,0.952,0.953,0.897,0.866,
Recall
0.506,0.502,0.505,0.484,0.503,0.494,0.507,0.495,0.495,0.509,
F1 Score
0.506,0.502,0.505,0.484,0.503,0.494,0.507,0.495,0.495,0.509,
cantidad de vecinos mas cercanos3
presicion
0.942,0.971,0.931,0.928,0.914,0.94,0.964,0.956,0.903,0.884,
Recall
0.511,0.501,0.508,0.488,0.502,0.489,0.502,0.497,0.503,0.496,
F1 Score
0.511,0.501,0.508,0.488,0.502,0.489,0.502,0.497,0.503,0.496,
