1000 10 11.632000
1000 100 11.991000
1000 1000 11.478000
1000 200 11.905000
1000 50 15.137000
1000 500 12.383000
1000 700 12.291000
100 10 0.615000
100 100 0.643000
100 1000 0.654000
100 200 0.623000
100 50 0.611000
100 500 0.635000
100 700 0.617000
200 10 1.041000
200 100 0.961000
200 1000 0.961000
200 200 1.079000
200 50 0.989000
200 500 1.001000
200 700 0.955000
300 10 3.665000
300 100 1.567000
300 1000 1.547000
300 200 1.575000
300 50 1.777000
300 500 1.559000
300 700 1.612000
500 10 3.282000
500 100 3.302000
500 1000 3.469000
500 200 3.437000
500 50 3.920000
500 500 3.460000
500 700 3.297000
50 10 0.531000
50 100 0.529000
50 1000 0.531000
50 200 0.532000
50 50 0.531000
50 500 0.529000
50 700 0.530000
700 10 6.471000
700 100 7.753000
700 1000 6.435000
700 200 7.277000
700 50 7.710000
700 500 6.129000
700 700 7.380000
6 13 0.501000
6 10 0.501000
1000 10 11.298000
1000 100 11.379000
1000 1000 11.345000
1000 200 11.835000
1000 50 11.559000
1000 500 11.317000
1000 700 11.346000
100 10 0.609000
100 100 0.609000
100 1000 0.612000
100 200 0.611000
100 50 0.652000
100 500 0.616000
100 700 0.653000
200 10 1.049000
200 100 0.970000
200 1000 0.965000
200 200 1.041000
200 50 1.193000
200 500 0.953000
200 700 0.972000
300 10 1.571000
300 100 1.707000
300 1000 1.635000
300 200 1.582000
300 50 1.513000
300 500 1.554000
300 700 1.541000
500 10 3.483000
500 100 3.303000
500 1000 3.550000
500 200 3.403000
500 50 3.925000
500 500 3.406000
500 700 3.428000
50 10 0.529000
50 100 0.528000
50 1000 0.530000
50 200 0.531000
50 50 0.529000
50 500 0.531000
50 700 0.529000
700 10 6.115000
700 100 6.382000
700 1000 7.146000
700 200 5.957000
700 50 6.503000
700 500 7.714000
700 700 7.461000
6 13 0.501000
6 10 0.501000
